1405504
1608656
1658601
1725788
1798712
1467057
1491297
1571935
1220386
1259133
1345541
1353738
1357857
1683221
1907559
1931449
1934219
1800095
1906121
1933150
1935255
1825762
1934945
1523946
1894013
1394314
1395510
1403737
1414870
1415671
1424593
1425665
1450626
1536418
1563477
1564141
1578259
1591263
1603918
1614689
1640718
1643964
1653954
1659927
1684415
1694802
1702430
1703739
1710836
1711350
1714848
1715763
1731514
1733390
1740850
1751215
1760867
1761151
1798086
1827167
1861596
1866710
1875877
1877604
1878258
1883798
1901061
1909338
1917181
1931823
1933966
1621023
1921536
1931516
1842866
1789666
1768256
643758
694856
775400
985024
1084327
1123442
1128443
1151985
1225543
1242764
1252184
1260769
1299777
1312279
1327002
1328037
1352769
1355000
1374216
1383873
1385720
1389578
1391325
